[gd_scene load_steps=3 format=3 uid="uid://ijgq5wtkct3q"]

[ext_resource type="Script" uid="uid://i170vdlpd24j" path="res://scripts/game.gd" id="1_uklrx"]
[ext_resource type="PackedScene" uid="uid://dsevgkhndtd03" path="res://scenes/maps/map_01.tscn" id="2_ie5yt"]

[node name="Game" type="Node3D"]
script = ExtResource("1_uklrx")
player_scene_path = "res://scenes/players"

[node name="Map01" parent="." instance=ExtResource("2_ie5yt")]

[node name="SpawnPositions" type="Node3D" parent="."]

[node name="1" type="Node3D" parent="SpawnPositions"]
transform = Transform3D(1, 0, 0, 0, 1, 0, 0, 0, 1, 0, 0, -11.463)

[node name="2" type="Node3D" parent="SpawnPositions"]
transform = Transform3D(-0.972378, 0, -0.233412, 0, 1, 0, 0.233412, 0, -0.972378, 1.79574, 0, 0.950178)

[node name="3" type="Node3D" parent="SpawnPositions"]
transform = Transform3D(0.653513, 0, -0.756915, 0, 1, 0, 0.756915, 0, 0.653513, 7.80722, 0, -5.75959)

[node name="4" type="Node3D" parent="SpawnPositions"]
transform = Transform3D(0.0323183, 0, -0.999478, 0, 1, 0, 0.999478, 0, 0.0323183, 9.88235, 0, 0.277632)

[node name="5" type="Node3D" parent="SpawnPositions"]
transform = Transform3D(0.194132, 0, 0.980975, 0, 1, 0, -0.980975, 0, 0.194132, -5.67241, 0, -0.435022)

[node name="6" type="Node3D" parent="SpawnPositions"]
transform = Transform3D(-0.258819, 0, 0.965926, 0, 1, 0, -0.965926, 0, -0.258819, -8.75016, 0, 10.5363)

[node name="7" type="Node3D" parent="SpawnPositions"]
transform = Transform3D(0.0249207, 0, 0.999689, 0, 1, 0, -0.999689, 0, 0.0249207, -9.52309, 0, 7.65166)

[node name="8" type="Node3D" parent="SpawnPositions"]
transform = Transform3D(0.209346, 0, 0.977842, 0, 1, 0, -0.977842, 0, 0.209346, -9.62529, 0, 3.64409)

[node name="9" type="Node3D" parent="SpawnPositions"]
transform = Transform3D(0.429849, 0, 0.902901, 0, 1, 0, -0.902901, 0, 0.429849, -8.261, 0, 0.46417)

[node name="10" type="Node3D" parent="SpawnPositions"]
transform = Transform3D(-0.980112, 0, 0.198444, 0, 1, 0, -0.198444, 0, -0.980112, -6.09544, 0, 14.9237)

[node name="11" type="Node3D" parent="SpawnPositions"]
transform = Transform3D(0.978264, 0, 0.207365, 0, 1, 0, -0.207365, 0, 0.978264, -1.05851, 0, -12.2782)

[node name="12" type="Node3D" parent="SpawnPositions"]
transform = Transform3D(0.996972, 0, -0.0777631, 0, 1, 0, 0.0777631, 0, 0.996972, 1.86292, 0, -12.8975)

[node name="13" type="Node3D" parent="SpawnPositions"]
transform = Transform3D(0.9654, 0, -0.260774, 0, 1, 0, 0.260774, 0, 0.9654, 5.87029, 0, -12.7876)

[node name="14" type="Node3D" parent="SpawnPositions"]
transform = Transform3D(0.8789, 0, -0.477005, 0, 1, 0, 0.477005, 0, 0.8789, 8.9736, 0, -11.257)

[node name="15" type="Node3D" parent="SpawnPositions"]
transform = Transform3D(0.250008, 0, 0.968244, 0, 1, 0, -0.968244, 0, 0.250008, -5.58022, 0, -9.85926)

[node name="16" type="Node3D" parent="SpawnPositions"]
transform = Transform3D(-0.453493, 0, 0.89126, 0, 1, 0, -0.89126, 0, -0.453493, -5.05659, 0, 11.0574)

[node name="17" type="Node3D" parent="SpawnPositions"]
transform = Transform3D(-0.182922, 0, 0.983127, 0, 1, 0, -0.983127, 0, -0.182922, -6.41088, 0, 8.39575)

[node name="18" type="Node3D" parent="SpawnPositions"]
transform = Transform3D(0.00202461, 0, 0.999998, 0, 1, 0, -0.999998, 0, 0.00202461, -7.3419, 0, 4.49648)

[node name="19" type="Node3D" parent="SpawnPositions"]
transform = Transform3D(0.233276, 0, 0.972411, 0, 1, 0, -0.972411, 0, 0.233276, -6.66667, 0, 1.10277)

[node name="20" type="Node3D" parent="SpawnPositions"]
transform = Transform3D(-0.999959, 0, -0.00911038, 0, 1, 0, 0.00911038, 0, -0.999959, -1.54977, 0, 14.7989)

[node name="MultiplayerSpawner" type="MultiplayerSpawner" parent="."]
_spawnable_scenes = PackedStringArray("uid://drh2cj4jfxoql", "uid://dd2pjgr0awoav")
spawn_path = NodePath("..")
